coloursafe <- c("#0072B2" #Blue
                ,"#D55E00" #Vermillion
                ,"#E619D8" #Magenta
                ,"#009E73" #Bluish Green
                ,"#CC79A7" #Reddish Purple
                ,"#56B4E9" #Sky Blue
                ,"#e4bf44" #Yellow
                ,"#666666" #Grey60
                ,"#AAAAAA" #Grey30
                )

coloursafe_grad <- c("#D60067",
                     "#E41905",
                     "#F1A223",
                     "#FEFF44",
                     "#8AE789",
                     "#BEDFDD",
                     "#E5E5E5")